time,iops
0,826847.712167
1,826163.897548
2,827224.774519
3,826211.259304
4,825671.690235
5,828660.160638
6,827214.978174
7,827957.927163
8,825204.214863
9,827307.458664
10,828831.366684
11,827340.438334
12,829205.052028
13,827961.239991
14,827847.532294
15,827818.949125
16,828077.420843
17,829225.076628
18,828768.110745
19,826273.066450
20,822440.778568
21,811025.587629
22,808231.203124
23,810264.458003
24,810088.752320
25,809500.941329
26,810260.231209
27,808944.228171
28,802352.845759
29,806753.513123
30,811965.313116
31,816017.113723
32,816826.384459
33,816330.844592
34,815225.350813
35,810504.069758
36,813231.208161
37,812473.173341
38,621634.193824
39,225895.211551
40,220427.898026
41,224204.507610
42,220887.669065
43,226752.358869
44,215877.007899
45,223652.590671
46,217636.000277
47,225428.619785
48,219017.174327
49,225116.307676
50,219614.767616
51,223108.942599
52,217866.367026
53,219407.401685
54,220530.051543
55,218014.281980
56,224325.677998
57,217573.096768
58,223604.948628
59,217396.449230
60,220815.437993
61,212534.133824
62,221762.806866
63,217057.132491
64,219751.142571
65,212298.770098
66,217175.051964
67,217509.344917
68,217601.076608
69,217247.364447
70,212168.728409
71,215206.544844
72,212705.900305
73,215206.080294
74,210994.567574
75,214422.606503
76,208091.726737
77,212236.624513
78,209862.249914
79,214920.219042
80,213807.713241
81,213027.322398
82,209149.196918
83,213779.182834
84,211661.124965
85,211562.035681
86,209245.417853
87,209719.660006
88,212337.505173
89,209632.751746
90,218226.279291
91,216879.476365
92,222793.046230
93,219112.701697
94,223141.567043
95,216532.120554
96,222627.407909
97,219584.285953
98,218501.121169
99,217673.637120
100,214337.025970
101,220820.657549
102,218680.034398
103,224288.391722
104,216491.277019
105,221405.686490
106,215217.773078
107,219917.794213
108,218295.545286
109,218840.420584
110,217109.221076
111,213104.740054
112,215926.893191
113,210087.240929
114,214693.725490
115,214411.527995
116,216808.126573
117,213694.070360
118,215951.340471
119,212242.792969
120,215626.294423
121,212884.768848
122,212373.678670
123,212113.888388
124,212901.069803
125,215903.072176
126,208650.365109
127,214341.800482
128,215401.802682
129,221436.404909
130,221196.190708
131,220239.980893
132,216276.105571
133,222129.486970
134,218968.195750
135,217648.782387
136,219162.645028
137,218054.300500
138,221437.662216
139,216485.221620
140,219588.674456
141,216290.885366
142,219172.641686
143,216845.757137
144,221510.826245
145,219094.244552
146,214956.233137
147,219003.654219
148,213122.468043
149,215134.337345
150,210656.413255
151,212931.167419
152,209538.333329
153,213266.303504
154,213128.675461
155,216269.370626
156,211507.839495
157,214243.612889
158,212740.518475
159,211693.668288
160,213779.689844
161,208586.542851
162,214689.759915
163,212724.813969
164,213992.208046
165,213167.664691
166,218436.245499
167,216398.465708
168,220135.446125
169,219213.000684
170,222448.957311
171,223887.491259
172,218157.273376
173,221424.300487
174,220418.536848
175,225439.659286
176,223330.109660
177,223433.256442
178,219332.548763
179,220513.786220
180,221537.925728
181,221618.981681
182,226481.293792
183,220041.716890
184,224794.419582
185,223779.735911
186,222898.371838
187,219747.415719
188,217539.538746
189,216768.562322
190,215769.407983
191,218152.798345
192,217521.648616
193,219237.013441
194,215739.317883
195,219912.888818
196,218336.501814
197,218912.213368
198,216366.129571
199,215689.335656
200,218027.175254
201,217408.488551
202,219144.649957
203,216864.461299
204,218073.669405
205,214864.158235
206,219051.793188
207,216976.526916
208,219318.781315
209,218748.095186
210,218559.637662
211,224324.298802
212,224725.868534
213,224659.649408
214,220271.425785
215,221697.564940
216,219184.951079
217,221785.236869
218,222685.268165
219,221707.479120
220,222202.539038
221,220573.716799
222,220274.605869
223,220387.829938
224,220719.249464
225,220383.412863
226,220099.010538
227,215873.938341
228,214629.343342
229,217043.481605
230,216020.442791
231,218422.015232
232,218247.829162
233,218042.228636
234,215410.367723
235,216884.061390
236,214825.746199
237,214459.436823
238,213427.635635
239,213837.331608
240,216449.564818
241,215852.354698
242,217759.343192
243,219342.952951
244,215840.699341
245,213120.614384
246,216800.773759
247,220447.243450
248,220279.355157
249,220872.337272
250,220909.066246
251,221906.785745
252,221746.242272
253,221700.798464
254,221646.589930
255,223708.238303
256,222783.848608
257,223218.593375
258,221333.546681
259,218161.876970
260,219194.501883
261,221076.407536
262,220016.590384
263,218175.986807
264,219585.375653
265,216688.412623
266,214841.775087
267,214367.634756
268,215885.469747
269,215647.136758
270,214161.093851
271,216756.075538
272,216757.548467
273,216688.503852
274,214135.506662
275,215397.885537
276,216342.744757
277,215752.555824
278,217745.105806
279,217058.487102
280,215691.911194
281,214394.258738
282,216479.534637
283,218322.989408
284,220019.666901
285,223701.722166
286,222917.925925
287,221922.079489
288,224927.138818
289,223804.163407
290,224888.772877
291,223676.791936
292,223431.511331
293,223245.108903
294,225812.131302
295,223926.077188
296,221917.873493
297,221632.065282
298,222836.522286
299,227673.548734
300,225273.488247
301,224711.785340
302,222366.393342
303,218883.138500
304,219097.005830
305,217932.882676
306,218224.693221
307,220030.884373
308,221701.725364
309,221630.274001
310,221943.566250
311,218899.058768
312,216385.780583
313,215169.033793
314,215901.887963
315,220093.218275
316,221647.742752
317,224379.732559
318,222347.013214
319,220223.258493
320,218481.232964
321,221554.284658
322,224472.051979
323,222901.523955
324,227184.751677
325,226152.514926
326,227389.505618
327,222944.913300
328,221777.258302
329,223186.845733
330,221937.369590
331,226786.239801
332,225977.523107
333,228597.887977
334,226272.970895
335,226433.754577
336,225407.130249
337,224358.331794
338,227843.347612
339,222754.961968
340,224869.401888
341,221454.777510
342,221505.254090
343,217506.255707
344,219606.998258
345,221618.919601
346,220057.348070
347,225983.298092
348,222312.688045
349,224879.057399
350,221675.025996
351,222339.320063
352,220316.777570
353,221554.428721
354,222749.954410
355,219328.293826
356,222570.697718
357,220143.185145
358,224596.152815
359,224643.972146
360,226488.177946
361,228190.279936
362,225101.469208
363,226536.091656
364,221351.848943
365,229712.043670
366,227100.426349
367,227342.424534
368,228471.250690
369,226064.329374
370,229684.415041
371,225045.636244
372,230364.396901
373,226705.458163
374,229031.151550
375,231552.810429
376,228139.020529
377,229899.296720
378,224899.211271
379,227056.006924
380,221843.387013
381,222000.947239
382,223792.960573
383,223982.487506
384,228845.969272
385,223158.715538
386,226910.982109
387,224126.878424
388,225142.292203
389,223674.768294
390,219904.192515
391,224688.872605
392,221640.403178
393,226801.096080
394,223740.078060
395,228255.099008
396,228103.292881
397,226952.253693
398,230216.072839
399,226507.187922
400,232891.125348
401,228624.588104
402,231173.832352
403,229521.821795
404,227832.080766
405,235005.869579
406,229698.299827
407,232853.886982
408,229431.599095
409,228723.999614
410,229657.112103
411,228092.182638
412,234895.313974
413,228805.971845
414,231950.517782
415,231248.855396
416,228135.022341
417,230551.104661
418,224124.443818
419,229292.152422
420,225510.432423
421,226891.044305
422,226191.830574
423,225998.014589
424,232781.781336
425,230229.684170
426,232044.548334
427,229080.370154
428,229129.804856
429,230272.519840
430,224097.495795
431,230305.047184
432,224066.689147
433,231696.440125
434,231100.054616
435,231249.187168
436,233155.120179
437,228527.466942
438,234482.569792
439,230025.828667
440,231470.248255
441,231623.172081
442,228550.724526
443,236448.245120
444,229207.341342
445,234798.951961
446,231740.853746
447,228166.426308
448,233602.522617
449,229764.753431
450,234245.634053
451,226842.962604
452,228394.623277
453,229496.337484
454,226092.376019
455,230411.603922
456,225978.128248
457,231289.423754
458,229937.298482
459,228713.534516
460,229941.399024
461,225634.654064
462,230713.177782
463,225781.486291
464,231339.050316
465,229819.502862
466,228163.389245
467,233746.635967
468,230687.954736
469,236808.760406
470,231160.912428
471,232338.030304
472,231971.558511
473,226947.402719
474,235344.341947
475,230573.460382
476,233767.981861
477,231647.440029
478,229378.192188
479,234914.207988
480,228340.291938
481,235524.729753
482,231991.846881
483,233043.347609
484,235683.794052
485,225903.471805
486,231353.392683
487,224866.425275
488,232556.012047
489,230383.987671
490,227418.655743
491,228864.912619
492,222111.812894
493,231426.576068
494,225959.141373
495,230560.451796
496,227320.392709
497,226027.876153
498,231413.857816
499,224829.503995
500,231360.231907
501,227046.634697
502,229234.332298
503,229200.093756
504,228181.195206
505,236066.546348
506,232782.337299
507,238423.464848
508,235547.441903
509,233494.139161
510,238027.114018
511,233194.154584
512,238307.190225
513,236912.835208
514,235624.004768
515,239433.769673
516,230244.742000
517,238237.534765
518,234341.977409
519,236483.031984
520,239157.330214
521,230151.119590
522,233661.225097
523,229489.397243
524,230164.777156
525,231558.547942
526,227800.738161
527,232179.373824
528,224821.866024
529,228738.157078
530,228234.736582
531,229746.376533
532,232322.208871
533,226748.915828
534,233515.600470
535,229450.708210
536,232854.104076
537,233274.445266
538,229087.581519
539,235114.498666
540,227508.454884
541,238841.848933
542,234224.798783
543,237064.357004
544,240061.587406
545,232295.573860
546,238400.620784
547,234771.103430
548,236235.351802
549,240931.704921
550,231864.488709
551,239745.225410
552,232049.251334
553,235493.448154
554,239377.683445
555,233934.008951
556,240658.055924
557,234133.855470
558,234933.649864
559,236900.168574
560,231463.145161
561,237851.155964
562,236134.787588
563,235088.249244
564,237398.778715
565,230476.454453
566,237233.977994
567,232480.638736
568,236478.578073
569,237037.661043
570,232827.144131
571,236475.956064
572,232233.519826
573,235847.049327
574,235932.592368
575,235327.139648
576,240553.689846
577,233371.431849
578,240214.067066
579,235767.453438
580,237926.068255
581,241136.372600
582,234611.078290
583,240502.653101
584,236412.674618
585,239427.908045
586,243792.859328
587,239905.328242
588,241540.948120
589,240356.276595
590,236144.347080
591,240584.141190
592,234290.926022
593,238246.405490
594,236273.047582
595,233618.584971
596,237760.260938
597,231144.879458
598,237523.996171
599,233875.704228
600,233362.009763
601,236431.687047
602,230295.345489
603,237444.119092
604,233730.070244
605,235736.928906
606,238040.073419
607,231793.922014
608,234977.163465
609,232762.729891
610,235639.141074
611,242630.478088
612,239834.243209
613,244028.240044
614,239160.525650
615,239668.887948
616,242919.071795
617,238835.917000
618,244221.100271
619,241624.574394
620,239928.843537
621,244401.636045
622,236589.328169
623,241533.733173
624,239618.370678
625,237632.326255
626,241713.790513
627,232618.587128
628,237610.467089
629,234409.398269
630,235485.057986
631,240551.167168
632,232906.452652
633,237589.274532
634,232771.099849
635,233662.686238
636,236014.420471
637,232173.872973
638,234630.569797
639,232623.322072
640,232932.319443
641,237918.362329
642,232790.038135
643,239784.322335
644,238928.650089
645,240937.689425
646,244300.834281
647,242992.601328
648,242915.797875
649,242221.399834
650,239437.245157
651,243461.064726
652,238901.287768
653,242704.401712
654,240904.341938
655,240739.916105
656,243728.291702
657,239373.828586
658,242226.278097
659,240692.893340
660,240467.621568
661,240758.969480
662,235365.687349
663,236680.789604
664,234856.474089
665,233717.317655
666,237746.550268
667,231476.043409
668,234676.424125
669,234388.459616
670,233220.677041
671,237407.824549
672,233110.286847
673,237201.581318
674,234440.138892
675,233534.953363
676,239533.939061
677,232770.919712
678,240987.069223
679,239057.745735
680,241392.239819
681,246090.994043
682,240806.479717
683,242822.164237
684,242462.703128
685,239905.217961
686,244403.952408
687,238227.210873
688,242889.838515
689,238758.475960
690,240983.869013
691,241618.747217
692,237360.150796
693,241403.348325
694,239725.725030
695,238925.129713
696,240228.519880
697,234778.815879
698,237621.348692
699,236063.475956
700,237227.542736
701,239146.056756
702,234390.787919
703,235960.259778
704,234958.239285
705,235829.632513
706,237815.936022
707,233529.678862
708,237625.528274
709,236271.584039
710,236207.484398
711,238966.126928
712,234559.804310
713,240003.645509
714,239946.191273
715,240626.882357
716,244810.338090
717,240010.519637
718,244095.564440
719,243161.903953
720,243294.876969
721,243747.204883
722,243074.477554
723,242206.076402
724,243394.153281
725,241045.055478
726,243533.136931
727,244370.336186
728,243364.264144
729,242732.874757
730,235942.140357
731,240706.357511
732,235296.756582
733,237519.554889
734,240600.401476
735,235782.779000
736,239146.965031
737,238363.320682
738,238267.323362
739,239425.062807
740,237040.684034
741,239961.192040
742,240654.145081
743,240868.460609
744,242718.089722
745,240072.839523
746,239952.478101
747,244128.323747
748,239719.043025
749,245167.636465
750,243406.942350
751,245447.467127
752,244470.372237
753,241458.912429
754,245634.730511
755,243378.260120
756,243595.686834
757,246585.579072
758,242115.085050
759,244073.890776
760,244799.725873
761,242050.367732
762,243045.059921
763,240142.525478
764,239070.298530
765,237324.046594
766,236575.086518
767,236323.398360
768,237611.973365
769,240276.646988
770,239620.719379
771,239016.093287
772,240131.074117
773,240166.540862
774,240583.017465
775,239289.378672
776,237678.374399
777,238485.039283
778,239082.359790
779,241600.414155
780,240226.809725
781,241901.339490
782,240727.453929
783,244793.542718
784,243622.550689
785,243877.389966
786,243076.453007
787,245447.265050
788,248381.260391
789,244590.385241
790,246590.418341
791,244142.946483
792,246992.796345
793,245088.888871
794,244645.005616
795,245157.922253
796,244879.147031
797,241510.718662
798,240671.000866
799,238635.569582
800,239299.002995
801,238585.397758
802,238220.229227
803,237547.635681
804,237153.317192
805,236523.393127
806,238783.788784
807,237759.007516
808,238456.635234
809,236190.699552
810,238613.739062
811,238583.740284
812,236882.963130
813,238799.633817
814,240567.045714
815,241843.361320
816,242909.383521
817,243799.671541
818,245922.163561
819,245945.206736
820,245669.547061
821,245711.462743
822,243416.128780
823,243657.580832
824,245881.764143
825,246070.896728
826,244465.517857
827,245217.150274
828,249289.173815
829,245579.589050
830,245398.394355
831,244107.342029
832,244512.871833
833,241945.586109
834,241031.611286
835,238876.256982
836,243192.787396
837,242690.724841
838,240967.337991
839,240248.018355
840,240023.512309
841,242493.831726
842,241093.627965
843,240897.830297
844,240039.238164
845,239635.376288
846,240621.029832
847,239502.508979
848,241776.007747
849,245949.492543
850,248697.091724
851,252122.627581
852,248402.932434
853,248706.905646
854,249343.060105
855,247064.055156
856,246482.422764
857,246241.029894
858,248630.951312
859,247920.533890
860,245176.337315
861,245398.458068
862,246530.325700
863,246143.393331
864,242893.947037
865,242878.043102
866,240260.453103
867,242962.799111
868,241321.002858
869,240507.260611
870,240090.104970
871,240444.999960
872,241057.276344
873,238905.427492
874,237223.965044
875,237870.228742
876,240216.307380
877,239176.417793
878,237949.226574
879,238311.479518
880,239042.771139
881,245044.030183
882,244653.265177
883,243245.712553
884,248595.548988
885,250303.096388
886,247048.514031
887,248779.552906
888,247577.794131
889,248612.464179
890,248698.792646
891,246173.787099
892,247417.296155
893,250689.660092
894,247656.176071
895,248567.045420
896,253148.426085
897,305937.503254
898,367456.639475
899,456086.018037
900,255135.776746
